7 3 6 9 7 0 2 15 3 2 2 14 3 0 2 0 3 4 3 0 3 1 2 0
7 3 6 9 7 0 2 15 3 2 2 14 3 0 2 0 3 1 3 0 3 0 2 0
7 3 6 9 7 0 2 15 3 2 2 14 3 0 2 0 3 4 3 0 3 3 2 0
7 3 6 9 7 0 2 15 3 2 2 14 3 0 2 0 3 4 3 0 3 1 2 0
7 3 6 9 7 0 2 15 3 2 2 14 3 0 2 0 3 4 3 0 3 1 2 0
7 3 6 9 7 0 2 15 3 2 2 14 3 0 2 0 3 4 3 0 3 1 2 0
7 3 6 9 7 0 2 15 3 2 2 14 3 0 2 0 3 4 3 0 3 1 2 0
7 3 6 9 7 0 2 15 3 2 2 14 3 0 2 0 3 4 3 0 3 1 2 0
7 3 6 9 7 0 2 15 3 2 2 14 3 0 2 0 3 1 3 0 3 0 2 0
7 3 6 9 7 0 2 15 3 2 2 14 3 0 2 0 3 2 3 0 3 0 2 0
7 3 6 9 7 0 2 15 3 2 2 14 3 0 2 0 3 1 3 0 3 0 2 0
7 3 6 9 7 0 2 15 3 2 2 14 3 0 2 0 3 4 3 0 3 8 2 0
7 3 6 9 7 0 2 15 3 2 2 14 3 0 2 0 3 4 3 0 3 8 2 0
7 3 6 9 7 0 2 15 3 2 2 14 3 0 2 0 3 4 3 0 3 7 2 0
7 3 6 9 7 0 2 15 3 2 2 14 3 0 2 0 3 4 3 0 3 3 2 0
7 3 6 9 7 0 2 15 3 2 2 14 3 0 2 0 3 4 3 0 3 1 2 0
7 3 6 9 7 0 2 15 3 2 2 14 3 0 2 0 3 4 3 0 3 1 2 0
7 3 6 9 7 0 2 15 3 2 2 14 3 0 2 0 3 4 3 0 3 1 2 0
7 2 6 5 6 7 6 9 7 3 7 4 6 5 7 2 2 0 7 3 6 9 7 0
7 2 6 5 6 7 6 9 7 3 7 4 6 5 7 2 2 0 7 3 6 9 7 0
7 2 6 5 6 7 6 9 7 3 7 4 6 5 7 2 2 0 7 3 6 9 7 0
7 2 6 5 6 7 6 9 7 3 7 4 6 5 7 2 2 0 7 3 6 9 7 0
7 2 6 5 6 7 6 9 7 3 7 4 6 5 7 2 2 0 7 3 6 9 7 0
7 2 6 5 6 7 6 9 7 3 7 4 6 5 7 2 2 0 7 3 6 9 7 0
7 2 6 5 6 7 6 9 7 3 7 4 6 5 7 2 2 0 7 3 6 9 7 0
7 2 6 5 6 7 6 9 7 3 7 4 6 5 7 2 2 0 7 3 6 9 7 0
6 9 6 14 7 6 6 9 7 4 6 5 2 0 7 3 6 9 7 0 3 10 3 9
6 9 6 14 7 6 6 9 7 4 6 5 2 0 7 3 6 9 7 0 3 10 3 9
6 9 6 14 7 6 6 9 7 4 6 5 2 0 7 3 6 9 7 0 3 10 3 9
6 3 6 1 6 14 6 3 6 5 6 12 2 0 7 3 6 9 7 0 3 10 3 9
6 3 6 1 6 14 6 3 6 5 6 12 2 0 7 3 6 9 7 0 3 10 3 9
6 3 6 1 6 14 6 3 6 5 6 12 2 0 7 3 6 9 7 0 3 10 3 9
6 1 6 3 6 11 2 0 7 3 6 9 7 0 3 10 3 9 3 7 3 2 3 3
6 3 6 1 6 14 6 3 6 5 6 12 2 0 7 3 6 9 7 0 3 10 3 9
6 3 6 1 6 14 6 3 6 5 6 12 2 0 7 3 6 9 7 0 3 10 3 9
6 3 6 1 6 14 6 3 6 5 6 12 2 0 7 3 6 9 7 0 3 10 3 9
6 3 6 1 6 14 6 3 6 5 6 12 2 0 7 3 6 9 7 0 3 10 3 9
6 3 6 1 6 14 6 3 6 5 6 12 2 0 7 3 6 9 7 0 3 10 3 9
6 3 6 1 6 14 6 3 6 5 6 12 2 0 7 3 6 9 7 0 3 10 3 9
6 3 6 1 6 14 6 3 6 5 6 12 2 0 7 3 6 9 7 0 3 10 3 9
6 3 6 1 6 14 6 3 6 5 6 12 2 0 7 3 6 9 7 0 3 10 3 9
6 9 6 14 7 6 6 9 7 4 6 5 2 0 7 3 6 9 7 0 3 10 3 0
6 9 6 14 7 6 6 9 7 4 6 5 2 0 7 3 6 9 7 0 3 10 3 0
6 9 6 14 7 6 6 9 7 4 6 5 2 0 7 3 6 9 7 0 3 10 3 0
6 1 6 3 6 11 2 0 7 3 6 9 7 0 3 10 3 0 3 0 3 9 3 7
6 9 6 14 7 6 6 9 7 4 6 5 2 0 7 3 6 9 7 0 3 10 3 0
6 1 6 3 6 11 2 0 7 3 6 9 7 0 3 10 3 0 3 0 3 9 3 7
7 2 6 5 6 7 6 9 7 3 7 4 6 5 7 2 2 0 7 3 6 9 7 0
7 2 6 5 6 7 6 9 7 3 7 4 6 5 7 2 2 0 7 3 6 9 7 0
7 2 6 5 6 7 6 9 7 3 7 4 6 5 7 2 2 0 7 3 6 9 7 0
3 1 10 9 0 1 0 0 0 0 0 1 0 0 0 0 0 0 0 0 0 0 0 0
3 1 10 9 8 5 8 3 0 0 0 1 0 0 0 0 0 0 0 1 0 0 0 0
3 1 10 10 0 1 0 0 0 0 0 1 0 0 0 0 0 0 0 0 0 0 0 0
3 1 10 10 8 5 8 3 0 0 0 1 0 0 0 0 0 0 0 1 0 0 0 0
2 1 14 11 2 8 0 0 0 0 0 1 0 0 0 1 0 0 0 2 0 0 0 1
2 1 14 11 10 8 8 0 0 0 0 0 0 0 0 0 0 0 0 0 0 0 0 1
2 1 14 12 2 8 0 0 0 0 0 1 0 0 0 0 0 0 0 2 0 0 0 1
2 1 14 12 10 8 8 0 0 0 0 0 0 0 0 0 0 0 0 0 0 0 0 1
0 0 3 12 0 1 0 0 0 0 0 1 0 0 0 0 0 0 0 0 0 0 0 0
0 0 3 12 8 5 8 3 0 0 0 1 0 0 0 0 0 0 0 1 0 0 0 0
0 0 3 13 0 1 0 0 0 0 0 1 0 0 0 0 0 0 0 0 0 0 0 0
0 0 3 13 8 5 8 3 0 0 0 1 0 0 0 0 0 0 0 1 0 0 0 0
0 0 14 11 0 1 0 0 0 0 0 1 0 0 0 0 0 0 0 0 0 0 0 0
0 0 14 12 0 1 0 0 0 0 0 1 0 0 0 0 0 0 0 0 0 0 0 0
1 0 3 2 0 1 0 0 0 0 0 1 0 0 0 0 0 0 0 0 0 0 0 0
1 0 3 2 8 1 8 0 0 0 0 1 0 0 0 1 0 0 0 0 0 0 0 0
15 7 6 15 0 1 0 0 0 0 0 1 0 0 0 0 0 0 0 0 0 0 0 0
15 7 6 15 8 1 8 0 0 0 0 1 0 0 0 6 0 0 0 0 0 0 0 6
6 9 10 1 0 1 0 0 0 0 0 1 0 0 0 0 0 0 0 0 0 0 0 0
6 9 10 1 8 1 8 0 0 0 0 1 0 0 0 0 0 0 0 0 0 0 0 0
9 11 11 11 0 1 0 0 0 0 0 1 0 0 0 0 0 0 0 0 0 0 0 0
9 11 11 11 8 1 8 0 0 0 0 1 0 0 0 1 0 0 0 0 0 0 0 0
7 5 12 0 0 1 0 0 0 0 0 1 0 0 0 0 0 0 0 0 0 0 0 0
7 5 12 0 8 1 8 0 0 0 0 1 0 0 0 1 0 0 0 0 0 0 0 0
15 0 13 4 0 1 0 0 0 0 0 1 0 0 0 0 0 0 0 0 0 0 0 0
15 0 13 4 8 1 8 0 0 0 0 1 0 0 0 1 0 0 0 0 0 0 0 0
7 15 3 9 0 1 0 0 0 0 0 1 0 0 0 0 0 0 0 0 0 0 0 0
7 15 3 9 8 1 8 0 0 0 0 1 0 0 0 1 0 0 0 0 0 0 0 0
8 13 11 3 0 1 0 0 0 0 0 1 0 0 0 0 0 0 0 0 0 0 0 0
8 13 11 3 8 1 8 0 0 0 0 1 0 0 0 1 0 0 0 0 0 0 0 0
13 12 10 2 0 1 0 0 0 0 0 1 0 0 0 0 0 0 0 0 0 0 0 0
13 12 10 2 8 1 8 0 0 0 0 1 0 0 0 0 0 0 0 0 0 0 0 0
11 12 1 15 0 1 0 0 0 0 0 1 0 0 0 0 0 0 0 0 0 0 0 0
11 12 1 15 8 1 8 0 0 0 0 1 0 0 0 0 0 0 0 0 0 0 0 0
2 6 6 13 0 1 0 0 0 0 0 1 0 0 0 0 0 0 0 0 0 0 0 0
2 6 6 13 8 5 8 3 0 0 0 1 0 0 0 0 0 0 0 0 0 0 0 0
15 14 14 3 0 1 0 0 0 0 0 1 0 0 0 0 0 0 0 0 0 0 0 0
15 14 14 3 8 1 8 0 0 0 0 1 0 0 0 2 0 0 0 0 0 0 0 0
7 10 7 3 0 1 0 0 0 0 0 1 0 0 0 0 0 0 0 0 0 0 0 0
7 10 7 3 8 5 8 0 0 0 0 1 0 0 0 1 0 0 0 0 0 0 0 0
2 0 8 10 0 1 0 0 0 0 0 1 0 0 0 0 0 0 0 0 0 0 0 0
3 2 6 14 0 1 0 0 0 0 0 1 0 0 0 0 0 0 0 0 0 0 0 0
2 0 8 10 8 1 8 0 0 0 0 1 0 0 0 4 0 0 0 0 0 0 0 0
3 2 6 14 8 5 8 3 0 0 0 1 0 0 0 0 0 0 0 0 0 0 0 0
15 1 6 1 0 1 0 0 0 0 0 1 0 0 0 0 0 0 0 0 0 0 0 0
15 1 6 1 8 5 8 3 0 0 0 1 0 0 0 0 0 0 0 0 0 0 0 0
8 3 6 1 0 1 0 0 0 0 0 1 0 0 0 0 0 0 0 0 0 0 0 0
8 3 6 1 8 5 8 3 0 0 0 1 0 0 0 0 0 0 0 0 0 0 0 0
13 0 6 0 0 1 0 0 0 0 0 1 0 0 0 0 0 0 0 0 0 0 0 0
13 0 6 0 8 5 8 3 0 0 0 1 0 0 0 0 0 0 0 0 0 0 0 0
3 0 2 15 0 2 0 1 0 1 0 4 0 6 7 0 7 5 6 2 6 12 6 9
3 0 3 0 0 2 0 1 0 1 0 4 0 6 7 0 7 5 6 2 6 12 6 9
3 0 2 14 0 2 0 1 0 1 0 4 0 6 7 0 7 5 6 2 6 12 6 9
3 0 2 15 0 2 0 1 0 1 0 4 0 6 7 0 7 5 6 2 6 12 6 9
3 0 2 14 0 2 0 1 0 1 0 4 0 6 7 0 7 5 6 2 6 12 6 9
3 0 2 15 0 2 0 1 0 1 0 4 0 6 7 0 7 5 6 2 6 12 6 9
3 0 2 14 0 2 0 1 0 1 0 4 0 6 7 0 7 5 6 2 6 12 6 9
3 0 2 15 0 2 0 1 0 1 0 4 0 6 7 0 7 5 6 2 6 12 6 9
3 0 2 14 0 2 0 1 0 1 0 4 0 6 7 0 7 5 6 2 6 12 6 9
3 0 2 15 0 2 0 1 0 1 0 4 0 6 7 0 7 5 6 2 6 12 6 9
3 0 2 14 0 2 0 1 0 1 0 4 0 6 7 0 7 5 6 2 6 12 6 9
3 0 2 15 0 2 0 1 0 1 0 4 0 6 7 0 7 5 6 2 6 12 6 9
3 0 2 14 0 2 0 1 0 1 0 4 0 6 7 0 7 5 6 2 6 12 6 9
3 0 2 15 0 2 0 1 0 1 0 4 0 6 7 0 7 5 6 2 6 12 6 9
3 0 2 14 0 2 0 1 0 1 0 4 0 6 7 0 7 5 6 2 6 12 6 9
3 0 2 15 0 2 0 1 0 1 0 4 0 6 7 0 7 5 6 2 6 12 6 9
3 0 2 14 0 2 0 1 0 1 0 4 0 6 7 0 7 5 6 2 6 12 6 9
3 0 2 15 0 2 0 1 0 1 0 4 0 6 7 0 7 5 6 2 6 12 6 9
3 0 2 14 0 2 0 1 0 1 0 4 0 6 7 0 7 5 6 2 6 12 6 9
3 0 2 15 0 2 0 1 0 1 0 4 0 6 7 0 7 5 6 2 6 12 6 9
3 0 2 14 0 2 0 1 0 1 0 4 0 6 7 0 7 5 6 2 6 12 6 9
3 0 2 15 0 2 0 1 0 1 0 4 0 6 7 0 7 5 6 2 6 12 6 9
3 0 2 14 0 2 0 1 0 1 0 4 0 6 7 0 7 5 6 2 6 12 6 9
3 0 2 15 0 2 0 1 0 1 0 4 0 6 7 0 7 5 6 2 6 12 6 9
3 0 2 14 0 2 0 1 0 1 0 4 0 6 7 0 7 5 6 2 6 12 6 9
3 0 2 15 0 2 0 1 0 1 0 4 0 6 7 0 7 5 6 2 6 12 6 9
3 0 2 14 0 2 0 1 0 1 0 4 0 6 7 0 7 5 6 2 6 12 6 9
3 0 2 15 0 2 0 1 0 1 0 4 0 6 7 0 7 5 6 2 6 12 6 9
3 0 2 14 0 2 0 1 0 1 0 4 0 6 7 0 7 5 6 2 6 12 6 9
3 0 2 15 0 2 0 1 0 1 0 4 0 6 7 0 7 5 6 2 6 12 6 9
3 0 2 14 0 2 0 1 0 1 0 4 0 6 7 0 7 5 6 2 6 12 6 9
3 0 2 15 0 2 0 1 0 1 0 4 0 6 7 0 7 5 6 2 6 12 6 9
3 0 2 14 0 2 0 1 0 1 0 4 0 6 7 0 7 5 6 2 6 12 6 9
3 0 2 15 0 2 0 1 0 1 0 4 0 6 7 0 7 5 6 2 6 12 6 9
3 0 2 14 0 2 0 1 0 1 0 4 0 6 7 0 7 5 6 2 6 12 6 9
3 0 2 15 0 2 0 1 0 1 0 4 0 6 7 0 7 5 6 2 6 12 6 9
3 0 2 14 0 2 0 1 0 1 0 4 0 6 7 0 7 5 6 2 6 12 6 9
3 0 2 15 0 2 0 1 0 1 0 4 0 6 7 0 7 5 6 2 6 12 6 9
3 0 2 14 0 2 0 1 0 1 0 4 0 6 7 0 7 5 6 2 6 12 6 9
3 0 2 15 0 2 0 1 0 1 0 4 0 6 7 0 7 5 6 2 6 12 6 9
3 0 2 14 0 2 0 1 0 1 0 4 0 6 7 0 7 5 6 2 6 12 6 9
3 0 2 15 0 2 0 1 0 1 0 4 0 6 7 0 7 5 6 2 6 12 6 9
3 0 2 14 0 2 0 1 0 1 0 4 0 6 7 0 7 5 6 2 6 12 6 9
3 0 2 15 0 2 0 1 0 1 0 4 0 6 7 0 7 5 6 2 6 12 6 9
3 0 2 14 0 2 0 1 0 1 0 4 0 6 7 0 7 5 6 2 6 12 6 9
3 0 2 15 0 2 0 1 0 1 0 4 0 6 7 0 7 5 6 2 6 12 6 9
3 0 2 14 0 2 0 1 0 1 0 4 0 6 7 0 7 5 6 2 6 12 6 9
3 0 2 15 0 2 0 1 0 1 0 4 0 6 7 0 7 5 6 2 6 12 6 9
3 0 2 14 0 2 0 1 0 1 0 4 0 6 7 0 7 5 6 2 6 12 6 9
3 0 2 15 0 2 0 1 0 1 0 4 0 6 7 0 7 5 6 2 6 12 6 9
0 1 0 1 0 6 0 0 15 14 0 8 9 12 1 5 0 0 0 0 0 0 0 0
0 2 0 1 0 6 0 0 15 14 0 8 9 12 1 5 0 0 0 0 0 0 0 0
0 1 0 1 0 6 0 0 15 14 0 8 9 12 1 5 0 0 0 0 0 0 0 0
0 2 0 1 0 6 0 0 15 14 0 8 9 12 1 5 0 0 0 0 0 0 0 0
0 2 0 1 0 6 0 1 7 7 7 1 12 15 8 5 0 0 0 10 0 0 0 0
0 1 0 0 0 0 0 0 14 1 12 9 6 3 6 13 0 0 0 0 0 0 0 0
0 2 0 1 0 6 0 0 14 1 12 9 6 3 6 13 0 0 0 0 0 0 0 0
0 1 0 0 0 0 0 0 14 2 12 9 6 3 6 13 0 0 0 0 0 0 0 0
0 2 0 0 0 0 0 0 14 2 12 9 6 3 6 13 0 0 0 0 0 0 0 0
0 1 0 0 0 0 0 0 14 3 12 9 6 3 6 13 0 0 0 0 0 0 0 0
0 2 0 0 0 0 0 0 14 3 12 9 6 3 6 13 0 0 0 0 0 0 0 0
0 1 0 1 0 6 0 0 0 0 0 0 3 13 1 13 0 0 0 0 0 0 0 0
0 2 0 1 0 6 0 0 0 0 0 0 3 13 1 13 0 0 0 0 0 0 0 0
0 1 0 1 0 6 0 0 0 0 0 0 3 13 1 14 0 0 0 0 0 0 0 0
0 2 0 1 0 6 0 0 0 0 0 0 3 13 1 14 0 0 0 0 0 0 0 0
0 1 0 1 0 6 0 0 0 0 0 0 3 13 1 13 0 0 0 0 0 0 0 0
0 2 0 1 0 6 0 0 0 0 0 0 3 13 1 13 0 0 0 0 0 0 0 0
0 1 0 1 0 6 0 0 0 0 0 0 3 13 1 14 0 0 0 0 0 0 0 0
0 2 0 1 0 6 0 0 0 0 0 0 3 13 1 14 0 0 0 0 0 0 0 0
0 1 0 1 0 6 0 0 13 4 1 15 6 14 12 9 0 0 0 0 8 0 0 0
0 2 0 1 0 6 0 0 13 4 1 15 6 14 12 9 0 0 0 0 8 0 0 0
0 2 0 1 0 6 0 0 13 4 1 15 6 14 12 9 0 0 0 0 8 0 0 0
0 1 0 1 0 6 0 0 13 4 1 14 15 5 11 0 0 0 0 0 8 0 0 0
0 2 0 1 0 6 0 0 13 4 1 14 15 5 11 0 0 0 0 0 8 0 0 0
0 2 0 1 0 6 0 0 13 4 1 14 15 5 11 0 0 0 0 0 8 0 0 0
0 1 0 1 0 6 0 0 13 4 1 14 14 15 3 3 0 0 0 0 8 0 0 0
0 2 0 1 0 6 0 0 13 4 1 14 14 15 3 3 0 0 0 0 8 0 0 0
0 2 0 1 0 6 0 0 13 4 1 14 14 15 3 3 0 0 0 0 8 0 0 0
0 1 0 1 0 6 0 0 13 4 1 15 6 13 15 8 0 0 0 0 8 0 0 0
0 1 0 1 0 6 0 0 13 4 1 14 14 15 9 9 0 0 0 0 8 0 0 0
0 1 0 1 0 6 0 0 13 4 1 14 14 15 15 5 0 0 0 0 8 0 0 0
0 1 0 1 0 6 0 0 13 5 8 5 3 6 6 1 0 0 0 0 8 0 0 0
0 2 0 1 0 6 0 0 13 4 1 15 6 13 15 8 0 0 0 0 8 0 0 0
0 2 0 1 0 6 0 0 13 4 1 15 6 13 15 8 0 0 0 0 8 0 0 0
0 2 0 1 0 6 0 0 13 4 1 14 14 15 9 9 0 0 0 0 8 0 0 0
0 2 0 1 0 6 0 0 13 4 1 14 14 15 9 9 0 0 0 0 8 0 0 0
0 2 0 1 0 6 0 0 13 4 1 14 14 15 15 5 0 0 0 0 8 0 0 0
0 2 0 1 0 6 0 0 13 4 1 14 14 15 15 5 0 0 0 0 8 0 0 0
0 2 0 1 0 6 0 0 13 5 8 5 3 6 6 1 0 0 0 0 8 0 0 0
0 2 0 1 0 6 0 0 13 5 8 5 3 6 6 1 0 0 0 0 8 0 0 0
0 1 0 1 0 6 0 0 13 4 1 15 6 12 14 7 0 2 0 0 8 0 0 0
0 2 0 1 0 6 0 0 13 4 1 15 6 12 14 7 0 0 0 0 8 0 0 0
0 2 0 1 0 6 0 0 13 4 1 15 6 12 14 7 0 0 0 0 8 0 0 0
0 1 0 1 0 6 0 0 13 4 1 14 15 10 9 2 0 0 0 0 8 0 0 0
0 2 0 1 0 6 0 0 13 4 1 14 15 10 9 2 0 0 0 0 8 0 0 0
0 2 0 1 0 6 0 0 13 4 1 14 15 10 9 2 0 0 0 0 8 0 0 0
0 1 0 1 0 6 0 0 13 4 1 14 15 0 13 5 0 0 0 0 8 0 0 0
0 2 0 1 0 6 0 0 13 4 1 14 15 0 13 5 0 0 0 0 8 0 0 0
0 2 0 1 0 6 0 0 13 4 1 14 15 0 13 5 0 0 0 0 8 0 0 0
0 1 0 1 0 6 0 0 13 4 1 15 6 14 3 8 0 0 0 0 8 0 0 0
