7 3 6 9 7 0 2 15 3 2 2 14 3 0 2 0 3 1 3 0 3 0 2 0 7 4 7 2 7 9 6 9 6 14 6 7 0 13 0 10 6 3 6 1 6 12 6 12
7 3 6 9 7 0 2 15 3 2 2 14 3 0 2 0 3 4 3 0 3 1 2 0 7 5 6 14 6 1 7 5 7 4 6 8 6 15 7 2 6 9 7 10 6 5 6 4
7 3 6 9 7 0 2 15 3 2 2 14 3 0 2 0 3 2 3 0 3 0 2 0 6 15 6 11 0 13 0 10 7 6 6 9 6 1 3 10 2 0 7 3 6 9 7 0
7 3 6 9 7 0 2 15 3 2 2 14 3 0 2 0 3 1 3 0 3 0 2 0 7 4 7 2 7 9 6 9 6 14 6 7 0 13 0 10 6 3 6 1 6 12 6 12
7 3 6 9 7 0 2 15 3 2 2 14 3 0 2 0 3 2 3 0 3 0 2 0 6 15 6 11 0 13 0 10 7 6 6 9 6 1 3 10 2 0 7 3 6 9 7 0
7 3 6 9 7 0 2 15 3 2 2 14 3 0 2 0 3 2 3 0 3 0 2 0 6 15 6 11 0 13 0 10 7 6 6 9 6 1 3 10 2 0 7 3 6 9 7 0
7 3 6 9 7 0 2 15 3 2 2 14 3 0 2 0 3 1 3 0 3 0 2 0 7 4 7 2 7 9 6 9 6 14 6 7 0 13 0 10 7 6 6 9 6 1 3 10
7 3 6 9 7 0 2 15 3 2 2 14 3 0 2 0 3 4 3 0 3 1 2 0 7 5 6 14 6 1 7 5 7 4 6 8 6 15 7 2 6 9 7 10 6 5 6 4
7 3 6 9 7 0 2 15 3 2 2 14 3 0 2 0 3 2 3 0 3 0 2 0 6 15 6 11 0 13 0 10 7 6 6 9 6 1 3 10 2 0 7 3 6 9 7 0
6 5 0 0 0 2 8 1 0 0 13 5 0 0 0 0 3 2 1 1 7 8 6 13 13 5 12 0 3 11 6 11 11 2 2 13 6 9 15 1 1 3 12 4 0 4 0 8
7 3 6 9 7 0 2 15 3 2 2 14 3 0 2 0 3 2 3 0 3 0 2 0 6 15 6 11 0 13 0 10 7 6 6 9 6 1 3 10 2 0 7 3 6 9 7 0
7 2 6 5 6 7 6 9 7 3 7 4 6 5 7 2 2 0 7 3 6 9 7 0 3 10 7 4 2 14 7 6 6 15 6 14 6 3 7 0 2 14 6 3 6 15 6 13
7 2 6 5 6 7 6 9 7 3 7 4 6 5 7 2 2 0 7 3 6 9 7 0 3 10 7 4 2 14 7 6 6 15 6 14 6 3 7 0 2 14 6 3 6 15 6 13
7 2 6 5 6 7 6 9 7 3 7 4 6 5 7 2 2 0 7 3 6 9 7 0 3 10 7 3 6 9 7 0 2 14 6 3 7 9 6 2 6 5 7 2 6 3 6 9
7 2 6 5 6 7 6 9 7 3 7 4 6 5 7 2 2 0 7 3 6 9 7 0 3 10 7 4 2 14 7 6 6 15 6 14 6 3 7 0 2 14 6 3 6 15 6 13
6 1 6 3 6 11 2 0 7 3 6 9 7 0 3 10 3 1 3 0 3 0 3 0 3 8 4 0 3 1 3 9 3 2 2 14 3 1 3 6 3 8 2 14 3 1 3 0
7 2 6 5 6 7 6 9 7 3 7 4 6 5 7 2 2 0 7 3 6 9 7 0 3 10 7 4 2 14 7 6 6 15 6 14 6 3 7 0 2 14 6 3 6 15 6 13
7 2 6 5 6 7 6 9 7 3 7 4 6 5 7 2 2 0 7 3 6 9 7 0 3 10 7 3 6 9 7 0 2 14 6 3 7 9 6 2 6 5 7 2 6 3 6 9
6 1 6 3 6 11 2 0 7 3 6 9 7 0 3 10 3 0 3 0 3 9 3 7 3 2 3 3 3 9 3 2 3 8 3 7 3 0 3 4 3 4 4 0 7 3 6 9
7 2 6 5 6 7 6 9 7 3 7 4 6 5 7 2 2 0 7 3 6 9 7 0 3 10 7 3 6 9 7 0 2 14 6 3 7 9 6 2 6 5 7 2 6 3 6 9
7 2 6 5 6 7 6 9 7 3 7 4 6 5 7 2 2 0 7 3 6 9 7 0 3 10 7 4 2 14 7 6 6 15 6 14 6 3 7 0 2 14 6 3 6 15 6 13
6 1 6 3 6 11 2 0 7 3 6 9 7 0 3 10 3 3 3 5 3 1 3 0 3 4 3 7 3 2 3 4 4 0 7 3 6 9 7 0 2 14 6 3 7 9 6 2
7 2 6 5 6 7 6 9 7 3 7 4 6 5 7 2 2 0 7 3 6 9 7 0 3 10 7 4 2 14 7 6 6 15 6 14 6 3 7 0 2 14 6 3 6 15 6 13
6 9 6 14 7 6 6 9 7 4 6 5 2 0 7 3 6 9 7 0 3 10 3 1 3 4 3 1 3 5 3 3 3 2 3 4 3 5 3 8 3 0 3 5 4 0 7 4
7 2 6 5 6 7 6 9 7 3 7 4 6 5 7 2 2 0 7 3 6 9 7 0 3 10 7 4 2 14 7 6 6 15 6 14 6 3 7 0 2 14 6 3 6 15 6 13
7 2 6 5 6 7 6 9 7 3 7 4 6 5 7 2 2 0 7 3 6 9 7 0 3 10 7 4 2 14 7 6 6 15 6 14 6 3 7 0 2 14 6 3 6 15 6 13
7 2 6 5 6 7 6 9 7 3 7 4 6 5 7 2 2 0 7 3 6 9 7 0 3 10 7 4 2 14 7 6 6 15 6 14 6 3 7 0 2 14 6 3 6 15 6 13
7 2 6 5 6 7 6 9 7 3 7 4 6 5 7 2 2 0 7 3 6 9 7 0 3 10 7 3 6 9 7 0 2 14 6 3 7 9 6 2 6 5 7 2 6 3 6 9
7 2 6 5 6 7 6 9 7 3 7 4 6 5 7 2 2 0 7 3 6 9 7 0 3 10 7 4 2 14 7 6 6 15 6 14 6 3 7 0 2 14 6 3 6 15 6 13
7 2 6 5 6 7 6 9 7 3 7 4 6 5 7 2 2 0 7 3 6 9 7 0 3 10 7 4 2 14 7 6 6 15 6 14 6 3 7 0 2 14 6 3 6 15 6 13
0 0 0 0 8 1 8 0 0 0 0 1 0 0 0 2 0 0 0 2 0 0 0 2 0 12 7 0 7 2 6 9 6 14 7 4 6 5 6 4 6 9 7 4 6 9 6 15
0 0 0 0 8 1 8 0 0 0 0 1 0 0 0 5 0 0 0 2 0 0 0 2 0 5 6 12 6 15 6 3 6 1 6 12 0 3 6 3 6 14 6 14 0 3 6 3
0 0 0 0 8 1 8 0 0 0 0 1 0 0 0 4 0 0 0 2 0 0 0 1 0 8 6 4 6 15 7 7 6 14 6 12 6 15 6 1 6 4 0 13 7 7 6 9
0 0 0 0 8 1 8 0 0 0 0 1 0 0 0 2 0 0 0 4 0 0 0 4 0 5 6 14 6 5 7 8 7 5 7 3 0 8 7 0 6 1 7 3 7 3 7 0
0 0 0 0 8 0 0 3 0 0 0 1 0 0 0 0 0 0 0 0 0 0 0 0 0 1 3 5 0 1 3 0 0 1 3 2 0 1 3 5 0 1 6 6 0 1 3 8
3 2 7 9 8 1 0 0 0 0 0 1 0 0 0 1 0 0 0 0 0 0 0 0 0 6 6 15 6 8 6 1 7 2 6 5 6 12 0 4 7 3 7 4 6 1 7 4
0 0 0 0 8 0 0 3 0 0 0 1 0 0 0 0 0 0 0 0 0 0 0 0 0 2 6 4 6 2 0 7 5 15 6 4 6 14 7 3 2 13 7 3 6 4 0 4
8 10 11 6 8 1 8 0 0 0 0 1 0 0 0 1 0 0 0 1 0 0 0 1 0 6 6 2 6 5 7 4 6 8 6 13 7 6 0 7 6 13 6 5 6 13 6 2
0 0 0 0 8 1 8 0 0 0 0 1 0 0 0 2 0 0 0 9 0 0 0 9 0 5 6 1 3 1 3 1 3 7 3 4 0 1 6 7 0 6 6 1 6 11 6 1
3 1 8 12 8 1 0 0 0 0 0 1 0 0 0 1 0 0 0 0 0 0 0 0 1 0 6 3 2 13 3 6 3 7 2 13 3 1 3 6 3 2 2 13 3 1 3 3
0 0 0 0 8 1 8 0 0 0 0 1 0 0 0 1 0 0 0 4 0 0 0 4 0 8 6 8 6 15 6 13 6 5 7 0 6 1 6 7 6 5 0 3 6 13 6 1
0 0 0 0 0 1 0 0 0 0 0 1 0 0 0 0 0 0 0 0 0 0 0 0 0 2 6 4 6 2 0 7 5 15 6 4 6 14 7 3 2 13 7 3 6 4 0 4
0 0 0 0 0 1 0 0 0 0 0 1 0 0 0 0 0 0 0 0 0 0 0 0 0 1 7 2 0 7 5 15 6 4 6 14 7 3 2 13 7 3 6 4 0 4 5 15
0 0 0 0 8 1 8 0 0 0 0 1 0 0 0 1 0 0 0 3 0 0 0 3 0 3 7 7 7 7 7 7 0 13 6 12 6 1 6 14 6 5 6 8 6 5 6 14
3 2 1 10 0 1 0 0 0 0 0 1 0 0 0 0 0 0 0 0 0 0 0 0 0 13 3 8 3 8 2 13 3 1 3 0 3 8 2 13 3 1 3 3 3 1 2 13
9 10 11 11 8 1 8 0 0 0 0 1 0 0 0 1 0 0 0 9 0 0 0 9 0 3 7 7 7 7 7 7 0 5 6 1 7 0 7 0 6 12 6 5 0 3 6 3
0 0 0 0 8 0 0 3 0 0 0 1 0 0 0 0 0 0 0 0 0 0 0 0 0 2 6 4 6 2 0 7 5 15 6 4 6 14 7 3 2 13 7 3 6 4 0 4
3 2 7 1 8 1 8 0 0 0 0 1 0 0 0 1 0 0 0 0 0 0 0 0 0 3 3 2 3 1 3 9 0 2 3 7 3 1 0 2 3 8 3 0 0 2 3 6
0 0 0 0 8 1 8 0 0 0 0 1 0 0 0 7 0 0 0 9 0 0 0 9 0 3 7 3 7 0 6 5 0 5 6 1 7 4 6 4 6 13 7 4 0 3 6 3
3 2 5 12 0 1 0 0 0 0 0 1 0 0 0 0 0 0 0 0 0 0 0 0 0 13 3 8 3 8 2 13 3 1 3 0 3 9 2 13 3 2 3 2 3 7 2 13
6 4 0 7 8 1 8 0 0 0 0 1 0 0 0 1 0 0 0 4 0 0 0 4 0 5 6 9 6 4 6 9 7 3 6 11 0 3 6 13 6 1 6 3 0 3 6 3
15 3 13 11 8 0 0 0 0 0 0 1 0 0 0 1 0 0 0 0 0 0 0 0 0 1 3 1 0 1 3 0 0 1 3 0 0 3 3 1 3 2 3 7 0 7 6 9
0 0 0 0 8 1 8 0 0 0 0 1 0 0 0 2 0 0 0 9 0 0 0 9 0 2 6 1 3 1 0 3 6 4 6 1 3 1 0 6 6 1 6 11 6 1 6 13
0 0 0 0 8 1 8 0 0 0 0 1 0 0 0 1 0 0 0 3 0 0 0 3 0 11 6 3 6 12 6 9 6 14 7 4 6 15 6 14 6 6 6 5 6 9 6 14
5 12 14 14 8 1 8 0 0 0 0 1 0 0 0 1 0 0 0 2 0 0 0 0 0 3 7 3 6 9 7 0 0 9 6 3 7 9 6 2 6 5 7 2 6 3 6 9
0 0 0 0 8 1 8 0 0 0 0 1 0 0 0 4 0 0 0 9 0 0 0 9 0 1 6 9 0 7 7 3 6 8 6 15 6 5 6 2 7 5 7 9 0 3 6 3
0 0 0 0 8 1 8 0 0 0 0 1 0 0 0 1 0 0 0 2 0 0 0 2 0 12 6 9 6 13 6 1 6 7 6 5 6 7 6 1 6 12 6 12 6 5 7 2
3 1 6 13 8 1 8 0 0 0 0 1 0 0 0 1 0 0 0 0 0 0 0 0 0 3 3 1 3 5 3 9 0 1 3 3 0 3 3 1 3 4 3 5 0 2 3 7
7 10 3 2 8 1 8 0 0 0 0 1 0 0 0 1 0 0 0 4 0 0 0 4 0 5 6 9 6 4 6 9 7 3 6 11 0 3 6 13 6 1 6 3 0 3 6 3
0 0 0 0 8 1 8 0 0 0 0 1 0 0 0 1 0 0 0 3 0 0 0 3 0 6 7 5 7 3 6 1 6 4 6 13 6 13 0 6 6 4 6 15 7 4 6 15
3 0 3 4 0 2 0 1 0 0 0 4 0 6 7 0 7 5 6 2 6 12 6 9 6 3 10 0 2 7 0 2 0 1 3 3 0 2 0 1 0 0 0 2 0 1 0 0
3 0 2 15 0 2 0 1 0 1 0 4 0 6 7 0 7 5 6 2 6 12 6 9 6 3 10 2 2 2 0 2 0 3 0 2 12 15 9 12 0 2 0 1 0 0 0 2
3 0 2 14 0 2 0 1 0 1 0 4 0 6 7 0 7 5 6 2 6 12 6 9 6 3 10 0 2 1 0 2 0 3 0 2 12 15 7 7 0 2 0 1 0 0 0 2
3 0 2 15 0 2 0 1 0 1 0 4 0 6 7 0 7 5 6 2 6 12 6 9 6 3 10 2 2 2 0 2 0 3 0 2 12 15 14 3 0 2 0 1 0 0 0 2
3 0 2 14 0 2 0 1 0 1 0 4 0 6 7 0 7 5 6 2 6 12 6 9 6 3 10 0 2 1 0 2 0 3 0 2 12 15 11 4 0 2 0 1 0 0 0 2
3 0 2 15 0 2 0 1 0 1 0 4 0 6 7 0 7 5 6 2 6 12 6 9 6 3 10 2 2 2 0 2 0 3 0 2 12 15 13 5 0 2 0 1 0 0 0 2
3 0 2 14 0 2 0 1 0 1 0 4 0 6 7 0 7 5 6 2 6 12 6 9 6 3 10 0 2 1 0 2 0 3 0 2 12 15 10 6 0 2 0 1 0 0 0 2
3 0 2 15 0 2 0 1 0 1 0 4 0 6 7 0 7 5 6 2 6 12 6 9 6 3 10 2 2 2 0 2 0 3 0 2 13 0 0 12 0 2 0 1 0 0 0 2
3 0 2 15 0 2 0 1 0 1 0 4 0 6 7 0 7 5 6 2 6 12 6 9 6 3 10 2 2 2 0 2 0 3 0 2 12 15 3 6 0 2 0 1 0 0 0 2
3 0 2 15 0 2 0 1 0 1 0 4 0 6 7 0 7 5 6 2 6 12 6 9 6 3 10 2 2 2 0 2 0 3 0 2 12 15 9 9 0 2 0 1 0 0 0 2
3 0 2 14 0 2 0 1 0 1 0 4 0 6 7 0 7 5 6 2 6 12 6 9 6 3 10 0 2 1 0 2 0 3 0 2 12 15 11 13 0 2 0 1 0 0 0 2
3 0 2 15 0 2 0 1 0 1 0 4 0 6 7 0 7 5 6 2 6 12 6 9 6 3 10 2 2 2 0 2 0 3 0 2 12 15 6 6 0 2 0 1 0 0 0 2
3 0 2 14 0 2 0 1 0 1 0 4 0 6 7 0 7 5 6 2 6 12 6 9 6 3 10 0 2 1 0 2 0 3 0 2 12 15 12 4 0 2 0 1 0 0 0 2
3 0 2 15 0 2 0 1 0 1 0 4 0 6 7 0 7 5 6 2 6 12 6 9 6 3 10 2 2 2 0 2 0 3 0 2 12 15 12 15 0 2 0 1 0 0 0 2
3 0 2 14 0 2 0 1 0 1 0 4 0 6 7 0 7 5 6 2 6 12 6 9 6 3 10 0 2 1 0 2 0 3 0 2 12 15 11 12 0 2 0 1 0 0 0 2
3 0 2 14 0 2 0 1 0 1 0 4 0 6 7 0 7 5 6 2 6 12 6 9 6 3 10 0 2 1 0 2 0 3 0 2 12 15 12 1 0 2 0 1 0 0 0 2
3 0 2 14 0 2 0 1 0 1 0 4 0 6 7 0 7 5 6 2 6 12 6 9 6 3 10 0 2 1 0 2 0 3 0 2 12 15 13 2 0 2 0 1 0 0 0 2
3 0 2 15 0 2 0 1 0 1 0 4 0 6 7 0 7 5 6 2 6 12 6 9 6 3 10 2 2 2 0 2 0 3 0 2 12 15 14 0 0 2 0 1 0 0 0 2
3 0 2 14 0 2 0 1 0 1 0 4 0 6 7 0 7 5 6 2 6 12 6 9 6 3 10 0 2 1 0 2 0 3 0 2 12 15 3 11 0 2 0 1 0 0 0 2
3 0 2 15 0 2 0 1 0 1 0 4 0 6 7 0 7 5 6 2 6 12 6 9 6 3 10 2 2 2 0 2 0 3 0 2 12 15 8 6 0 2 0 1 0 0 0 2
3 0 2 14 0 2 0 1 0 1 0 4 0 6 7 0 7 5 6 2 6 12 6 9 6 3 10 0 2 1 0 2 0 3 0 2 13 0 1 2 0 2 0 1 0 0 0 2
3 0 2 15 0 2 0 1 0 1 0 4 0 6 7 0 7 5 6 2 6 12 6 9 6 3 10 2 2 2 0 2 0 3 0 2 12 15 9 14 0 2 0 1 0 0 0 2
3 0 2 15 0 2 0 1 0 1 0 4 0 6 7 0 7 5 6 2 6 12 6 9 6 3 10 2 2 2 0 2 0 3 0 2 12 15 3 8 0 2 0 1 0 0 0 2
3 0 2 14 0 2 0 1 0 1 0 4 0 6 7 0 7 5 6 2 6 12 6 9 6 3 10 0 2 1 0 2 0 3 0 2 12 15 15 12 0 2 0 1 0 0 0 2
3 0 2 15 0 2 0 1 0 1 0 4 0 6 7 0 7 5 6 2 6 12 6 9 6 3 10 2 2 2 0 2 0 3 0 2 12 15 7 2 0 2 0 1 0 0 0 2
3 0 2 15 0 2 0 1 0 1 0 4 0 6 7 0 7 5 6 2 6 12 6 9 6 3 10 2 2 2 0 2 0 3 0 2 12 15 12 9 0 2 0 1 0 0 0 2
3 0 2 15 0 2 0 1 0 1 0 4 0 6 7 0 7 5 6 2 6 12 6 9 6 3 10 2 2 2 0 2 0 3 0 2 12 15 15 15 0 2 0 1 0 0 0 2
3 0 2 14 0 2 0 1 0 1 0 4 0 6 7 0 7 5 6 2 6 12 6 9 6 3 10 0 2 1 0 2 0 3 0 2 12 15 8 2 0 2 0 1 0 0 0 2
3 0 2 15 0 2 0 1 0 1 0 4 0 6 7 0 7 5 6 2 6 12 6 9 6 3 10 2 2 2 0 2 0 3 0 2 12 15 12 6 0 2 0 1 0 0 0 2
3 0 2 14 0 2 0 1 0 1 0 4 0 6 7 0 7 5 6 2 6 12 6 9 6 3 10 0 2 1 0 2 0 3 0 2 12 15 5 15 0 2 0 1 0 0 0 2
0 2 0 1 0 6 0 0 13 4 1 15 6 15 1 5 0 0 0 0 8 0 0 0 0 0 0 0 0 0 0 0 0 10 0 10 0 15 11 7 0 0 0 0 0 0 0 0
0 1 0 1 0 6 0 0 13 4 1 14 15 2 3 13 0 0 0 0 8 0 0 0 0 0 0 0 0 0 0 0 0 0 0 0 0 0 0 0 0 0 0 0 0 0 0 0
0 1 0 1 0 6 0 0 13 4 1 15 6 12 5 15 0 0 0 0 8 0 0 0 0 0 0 0 0 0 0 0 0 0 0 0 0 0 0 0 0 0 0 0 0 0 0 0
0 2 0 1 0 6 0 0 10 2 1 9 8 9 2 3 0 0 0 0 8 0 0 0 0 0 0 0 0 0 0 0 0 10 0 10 0 15 2 5 0 0 0 0 0 0 0 0
0 2 0 1 0 6 0 1 7 7 7 1 12 15 8 5 0 0 0 10 0 0 0 0 0 0 0 0 0 0 0 0 0 10 0 10 0 8 14 11 10 12 1 6 11 2 14 10
0 2 0 1 0 6 0 0 13 4 1 15 6 14 3 8 0 0 0 0 8 0 0 0 0 0 0 0 0 0 0 0 0 10 0 10 0 15 11 0 0 0 0 0 0 0 0 0
0 2 0 1 0 6 0 0 13 4 1 14 15 0 13 5 0 0 0 0 8 0 0 0 0 0 0 0 0 0 0 0 0 10 0 10 0 15 11 6 0 0 0 0 0 0 0 0
0 2 0 1 0 6 0 0 12 10 14 10 3 13 6 2 0 0 0 0 8 0 0 0 0 0 0 0 0 0 0 0 0 10 0 10 0 15 7 1 0 0 0 0 0 0 0 0
0 1 0 1 0 6 0 0 13 4 1 15 6 12 14 7 0 2 0 0 8 0 0 0 0 0 0 0 0 0 0 0 0 0 0 0 0 0 0 0 0 0 0 0 0 0 0 0
0 2 0 1 0 6 0 0 13 4 1 14 15 5 7 2 0 0 0 0 8 0 0 0 0 0 0 0 0 0 0 0 0 10 0 10 0 15 3 2 0 0 0 0 0 0 0 0
0 1 0 1 0 6 0 0 13 4 1 15 6 15 10 14 0 0 0 0 8 0 0 0 0 0 0 0 0 0 0 0 0 0 0 0 0 0 0 0 0 0 0 0 0 0 0 0
0 2 0 1 0 6 0 0 13 4 1 14 15 5 7 0 0 0 0 0 8 0 0 0 0 0 0 0 0 0 0 0 0 10 0 10 0 15 7 10 0 0 0 0 0 0 0 0
0 2 0 1 0 6 0 0 13 4 1 14 15 9 10 6 0 0 0 0 8 0 0 0 0 0 0 0 0 0 0 0 0 10 0 10 0 15 6 12 0 0 0 0 0 0 0 0
0 1 0 1 0 6 0 0 13 4 1 14 15 8 9 10 0 0 0 0 8 0 0 0 0 0 0 0 0 0 0 0 0 0 0 0 0 0 0 0 0 0 0 0 0 0 0 0
0 2 0 1 0 6 0 0 13 4 1 14 15 8 9 10 0 0 0 0 8 0 0 0 0 0 0 0 0 0 0 0 0 10 0 10 0 15 12 6 0 0 0 0 0 0 0 0
0 1 0 1 0 6 0 0 13 4 1 14 15 2 1 5 0 0 0 0 8 0 0 0 0 0 0 0 0 0 0 0 0 0 0 0 0 0 0 0 0 0 0 0 0 0 0 0
0 2 0 1 0 6 0 0 13 4 1 14 15 8 9 10 0 0 0 0 8 0 0 0 0 0 0 0 0 0 0 0 0 10 0 10 0 15 12 6 0 0 0 0 0 0 0 0
0 2 0 1 0 6 0 0 12 10 14 10 3 11 11 4 0 0 0 0 8 0 0 0 0 0 0 0 0 0 0 0 0 10 0 10 0 15 8 9 0 0 0 0 0 0 0 0
0 2 0 1 0 6 0 0 13 4 1 14 14 15 3 3 0 0 0 0 8 0 0 0 0 0 0 0 0 0 0 0 0 10 0 10 0 15 10 4 0 0 0 0 0 0 0 0
0 2 0 1 0 6 0 0 13 5 2 13 1 13 15 6 0 0 0 0 8 0 0 0 0 0 0 0 0 0 0 0 0 10 0 10 0 15 3 7 0 0 0 0 0 0 0 0
0 2 0 1 0 6 0 0 13 4 1 14 15 5 7 6 0 0 0 0 8 0 0 0 0 0 0 0 0 0 0 0 0 10 0 10 0 15 11 1 0 0 0 0 0 0 0 0
0 1 0 1 0 6 0 0 11 10 1 4 11 9 0 15 0 0 0 0 8 0 0 0 0 0 0 0 0 0 0 0 0 0 0 0 0 0 0 0 0 0 0 0 0 0 0 0
0 2 0 1 0 6 0 0 13 4 1 15 6 13 14 0 0 0 0 0 8 0 0 0 0 0 0 0 0 0 0 0 0 10 0 10 0 15 6 9 0 0 0 0 0 0 0 0
0 2 0 1 0 6 0 0 13 4 1 14 14 15 7 10 0 0 0 0 8 0 0 0 0 0 0 0 0 0 0 0 0 10 0 10 0 15 3 1 0 0 0 0 0 0 0 0
0 1 0 1 0 6 0 0 13 5 2 13 1 13 15 6 0 0 0 0 8 0 0 0 0 0 0 0 0 0 0 0 0 0 0 0 0 0 0 0 0 0 0 0 0 0 0 0
0 2 0 1 0 6 0 0 13 5 2 13 1 13 15 6 0 0 0 0 8 0 0 0 0 0 0 0 0 0 0 0 0 10 0 10 0 15 3 7 0 0 0 0 0 0 0 0
0 2 0 1 0 6 0 0 13 4 1 15 6 13 14 0 0 0 0 0 8 0 0 0 0 0 0 0 0 0 0 0 0 10 0 10 0 15 6 9 0 0 0 0 0 0 0 0
0 2 0 1 0 6 0 0 13 4 1 14 15 2 3 13 0 0 0 0 8 0 0 0 0 0 0 0 0 0 0 0 0 10 0 10 0 15 1 11 0 0 0 0 0 0 0 0
0 2 0 1 0 6 0 0 13 4 1 14 15 2 3 13 0 0 0 0 8 0 0 0 0 0 0 0 0 0 0 0 0 10 0 10 0 15 1 11 0 0 0 0 0 0 0 0
0 2 0 1 0 6 0 0 13 4 1 14 14 15 9 9 0 0 0 0 8 0 0 0 0 0 0 0 0 0 0 0 0 10 0 10 0 15 6 13 0 0 0 0 0 0 0 0
1 10 0 2 0 10 15 0 0 0 0 0 1 4 12 14 0 0 0 0 0 7 10 6 8 0 0 10 15 12 0 6 12 5 0 2 0 3 7 2 2 3 14 10 0 11 10 1
13 9 0 0 0 10 15 10 0 0 0 0 0 0 0 0 0 0 0 1 0 2 9 0 0 0 0 0 0 0 0 0 0 0 0 0 0 0 0 0 0 0 0 0 0 0 0 0
13 9 0 0 0 10 15 10 0 0 0 0 0 0 0 0 0 0 0 1 0 2 9 0 0 0 0 0 0 0 0 0 0 0 0 0 0 0 0 0 0 0 0 0 0 0 0 0
1 10 0 2 0 10 15 1 0 0 0 0 1 15 9 2 0 0 0 0 0 10 3 8 8 3 6 11 0 1 0 10 12 5 0 2 0 4 7 10 0 2 12 3 0 0 9 11
1 10 0 3 0 10 14 14 0 0 0 0 1 11 15 7 0 0 0 0 1 4 14 12 7 1 10 14 8 0 11 7 12 5 0 2 0 3 6 12 8 13 0 14 6 6 12 11
13 9 0 0 0 10 15 10 0 0 0 0 0 0 0 0 0 0 0 1 0 2 9 0 0 0 0 0 0 0 0 0 0 0 0 0 0 0 0 0 0 0 0 0 0 0 0 0
1 10 0 2 0 10 14 12 0 0 0 0 0 3 13 8 0 0 0 0 0 9 9 9 1 2 9 1 0 0 1 14 12 5 0 2 0 3 6 12 3 6 11 11 10 9 8 14
1 10 0 2 0 10 14 14 0 0 0 0 0 3 2 10 0 0 0 0 0 5 10 15 12 0 0 12 1 3 1 4 12 5 0 2 0 4 11 3 11 1 13 10 11 14 2 7
13 9 0 0 0 10 15 10 0 0 0 0 0 0 0 0 0 0 0 1 0 2 9 0 0 0 0 0 0 0 0 0 0 0 0 0 0 0 0 0 0 0 0 0 0 0 0 0
13 9 0 0 0 10 15 10 0 0 0 0 0 0 0 0 0 0 0 1 0 2 9 0 0 0 0 0 0 0 0 0 0 0 0 0 0 0 0 0 0 0 0 0 0 0 0 0
1 10 0 2 0 10 14 15 0 0 0 0 0 15 7 10 0 0 0 7 7 6 13 13 1 1 15 14 0 0 3 1 12 4 15 10 14 6 14 5 1 0 8 6 3 7 11 13
1 10 0 2 0 10 15 1 0 0 0 0 0 5 15 4 0 0 0 0 0 3 6 10 8 2 12 15 15 4 15 0 12 5 0 2 0 4 3 5 13 11 10 13 15 2 14 12
13 9 0 0 0 10 15 10 0 0 0 0 0 0 0 0 0 0 0 1 0 2 9 0 0 0 0 0 0 0 0 0 0 0 0 0 0 0 0 0 0 0 0 0 0 0 0 0
1 10 0 2 0 10 14 12 0 0 0 0 0 2 8 6 0 0 0 0 0 11 3 3 12 12 7 11 0 2 6 8 12 5 0 2 0 2 10 12 6 1 6 14 1 5 8 7
13 9 0 0 0 10 15 10 0 0 0 0 0 0 0 0 0 0 0 1 0 2 9 0 0 0 0 0 0 0 0 0 0 0 0 0 0 0 0 0 0 0 0 0 0 0 0 0
1 10 0 2 0 10 14 12 0 0 0 0 0 7 12 3 0 0 0 0 2 15 8 0 12 6 1 14 5 12 0 2 12 5 0 1 15 9 9 5 6 2 7 0 8 2 12 15
13 9 0 0 0 10 15 10 0 0 0 0 0 0 0 0 0 0 0 1 0 2 9 0 0 0 0 0 0 0 0 0 0 0 0 0 0 0 0 0 0 0 0 0 0 0 0 0
1 10 0 3 0 10 14 15 0 0 0 0 1 2 9 11 0 0 0 0 0 8 15 9 12 6 7 2 0 1 12 11 12 5 0 2 0 1 15 6 3 0 8 9 10 0 2 7
1 10 0 2 0 10 14 12 0 0 0 0 0 14 7 0 0 0 0 0 0 15 14 10 12 6 1 14 5 12 0 2 12 5 0 1 15 14 4 0 13 7 6 10 13 7 0 14
1 10 0 1 0 10 15 0 0 0 0 0 0 0 0 0 0 0 0 0 0 0 1 5 6 7 7 0 7 3 0 0 12 5 0 2 0 4 14 6 3 9 3 7 2 10 3 8
1 10 0 2 0 10 14 14 0 0 0 0 0 7 10 4 0 0 0 0 0 11 10 3 10 4 6 3 3 14 12 2 12 5 0 2 0 1 8 1 14 5 7 9 1 8 1 9
13 9 0 0 0 10 15 10 0 0 0 0 0 0 0 0 0 0 0 1 0 2 9 0 0 0 0 0 0 0 0 0 0 0 0 0 0 0 0 0 0 0 0 0 0 0 0 0
13 9 0 0 0 10 15 10 0 0 0 0 0 0 0 0 0 0 0 1 0 2 9 0 0 0 0 0 0 0 0 0 0 0 0 0 0 0 0 0 0 0 0 0 0 0 0 0
13 9 0 0 0 10 15 10 0 0 0 0 0 0 0 0 0 0 0 1 0 2 9 0 0 0 0 0 0 0 0 0 0 0 0 0 0 0 0 0 0 0 0 0 0 0 0 0
13 9 0 0 0 10 15 10 0 0 0 0 0 0 0 0 0 0 0 1 0 2 9 0 0 0 0 0 0 0 0 0 0 0 0 0 0 0 0 0 0 0 0 0 0 0 0 0
13 9 0 0 0 10 15 10 0 0 0 0 0 0 0 0 0 0 0 1 0 2 9 0 0 0 0 0 0 0 0 0 0 0 0 0 0 0 0 0 0 0 0 0 0 0 0 0
13 9 0 0 0 10 15 10 0 0 0 0 0 0 0 0 0 0 0 1 0 2 9 0 0 0 0 0 0 0 0 0 0 0 0 0 0 0 0 0 0 0 0 0 0 0 0 0
1 10 0 2 0 10 14 15 0 0 0 0 0 4 6 2 0 0 0 0 0 7 7 5 8 2 12 15 15 4 15 0 12 5 0 2 0 2 6 6 8 4 7 6 3 10 1 9
13 9 0 0 0 10 15 10 0 0 0 0 0 0 0 0 0 0 0 1 0 2 9 0 0 0 0 0 0 0 0 0 0 0 0 0 0 0 0 0 0 0 0 0 0 0 0 0
1 10 0 1 0 10 15 0 0 0 0 0 0 0 0 0 0 0 0 0 0 0 2 1 6 3 6 4 6 13 6 1 12 5 0 2 0 4 13 12 15 1 10 11 2 9 14 4
